symbol,ADANIENT,ADANIPORTS,APOLLOHOSP,ASIANPAINT,AXISBANK,BAJAJ-AUTO,BAJAJFINSV,BAJFINANCE,BEL,BHARTIARTL,BPCL,BRITANNIA,CIPLA,COALINDIA,DRREDDY,EICHERMOT,GRASIM,HCLTECH,HDFCBANK,HDFCLIFE,HEROMOTOCO,HINDALCO,HINDUNILVR,ICICIBANK,INDUSINDBK,INFY,ITC,JSWSTEEL,KOTAKBANK,LT,M&M,MARUTI,NESTLEIND,NTPC,ONGC,POWERGRID,RELIANCE,SBILIFE,SBIN,SHRIRAMFIN,SUNPHARMA,TATACONSUM,TATAMOTORS,TATASTEEL,TCS,TECHM,TITAN,TRENT,ULTRACEMCO,WIPRO
ADANIENT,1.0,0.8734478602609174,0.13582280761275597,0.287501548338739,0.29359840048999064,0.20507675076978657,0.36191064265988,0.33152954735979834,0.5148232823678469,0.29147574596372633,0.45142881800130313,0.12418767234765492,0.11042006631011203,0.4849730070025515,0.16903189816342465,0.3274892254308597,0.3428251195288106,0.1418078355757377,0.3316442001238576,0.21215306364329076,0.21099065367853503,0.29963116726674266,0.002238963663789239,0.39674834459787117,0.38373316800419227,0.11597758462371043,0.24300631923625285,0.4054159307644633,0.23689639166261436,0.48159705329457253,0.3050975726573434,0.3153609240813648,0.12338197002170778,0.5472520057754245,0.4803892271699392,0.40549518549247304,0.48572375830020287,0.2808966645619448,0.5398149783971089,0.410554161066181,0.18092528201085362,0.20602768524343373,0.32308378959067136,0.4209662570632849,0.12275567915520795,0.14033560540922027,0.28304974471821465,0.19131653553543274,0.35936344934554154,0.22476960632687762
ADANIPORTS,0.8734478602609174,1.0,0.16784403202220993,0.27015970910687137,0.37544297043529795,0.21096591110885837,0.40823848356889963,0.39375577470528933,0.5830875199476184,0.33097967434794356,0.4921760879936399,0.12306458513060287,0.1174349075516026,0.5319511175737008,0.17021442054623975,0.2621978189034578,0.3543090834582636,0.15691673781603713,0.365255751667252,0.2437390285805984,0.2082745993650671,0.333015781070222,0.009134794393825925,0.44668361201018913,0.4141557986870895,0.1499203137703513,0.2706335656789538,0.43357960693178693,0.29467820312763027,0.5134125511405139,0.32096462488131905,0.30203628348065575,0.10122539199639091,0.6156731244881408,0.5181729390959673,0.5183363007828216,0.5132038452115862,0.2710425918619269,0.5737074223370094,0.4716987310155673,0.23895174466199215,0.22528615341577002,0.34010816627756035,0.46603151146200594,0.14406909781953509,0.14713423397576267,0.2963613438342313,0.20359980890434085,0.4004282600505766,0.24172058328519075
APOLLOHOSP,0.13582280761275597,0.16784403202220993,1.0,0.24986699962025513,0.17989978278836077,0.22465156804479866,0.2504490197497704,0.22056741928774706,0.2186770438853258,0.23891387749766863,0.1748893746125551,0.2289693919380707,0.23434577285187297,0.2413321034321621,0.2346716707193581,0.282308380268313,0.25742167230427787,0.2743695274264902,0.10753969866931022,0.13962644971403404,0.24500893292949769,0.05931128232054727,0.09669886749648483,0.16778280554993819,0.12372086243967736,0.11694375050842744,0.16732064961261744,0.27111571750336383,0.14218475880228704,0.23160287483687625,0.2472007435469434,0.19355152240850634,0.22354271129065623,0.19704645140157875,0.1720026831316219,0.18165046242992858,0.23273233301896432,0.15443100649951663,0.17929613585382384,0.2900658382228251,0.2938264480727831,0.09323317064047677,0.207240663904966,0.24360288024714602,0.10172734236275245,0.1681872171620243,0.2496621805105304,0.08810243274434695,0.26935854944216775,0.21796655205796733
ASIANPAINT,0.287501548338739,0.27015970910687137,0.24986699962025513,1.0,0.12917382361396126,0.17147774313220476,0.25397504132816623,0.29991910374907993,0.16547476272665576,0.14190099362942682,0.22136989117191952,0.4269072884707715,0.14172192789134289,0.1945012180252485,0.15160163396422274,0.2573790152265608,0.34528745587142773,0.1267548604368626,0.26633388289726,0.21637433890525007,0.17713023776847625,0.21634808634411137,0.2884767998013029,0.1477616911614189,0.1928095247268754,0.10354588966039724,0.2785582586903159,0.3372167900667679,0.17107655872805097,0.22574178251082783,0.14776377769770138,0.26311733656766534,0.2972369847960899,0.22860834533686206,0.1353820000011949,0.11359872106068085,0.3007941514137405,0.22171430690060273,0.11116289546908423,0.20241064173113457,0.2009766095224184,0.2477115446768309,0.11065684005052347,0.2883437831719686,0.1760600340881136,0.16554303449194874,0.30943017187474414,0.2274523585434787,0.28343148817093133,0.14674224898066876
AXISBANK,0.29359840048999064,0.37544297043529795,0.17989978278836077,0.12917382361396126,1.0,0.199652614683632,0.3995551868647692,0.35359417860830905,0.3210374601763023,0.24150789352705815,0.22080340706666576,0.12817259824118948,0.0952392893140265,0.3215545196980272,0.09478377884334031,0.28641047072663445,0.36590661419655623,0.1131493013181921,0.42205126812068056,0.25221001110009855,0.17417028227303905,0.22492370060996295,0.025347678433948424,0.6312294012129903,0.33926489242034236,0.08863274528463916,0.2779861460403906,0.3775391312817736,0.2818890487404678,0.3526976490706816,0.2412662585404819,0.2616354021330038,0.10405202063899488,0.39381048998832835,0.31118305662297113,0.2905296640819641,0.4248151096744547,0.18092391178617723,0.5148068264221025,0.4496669142985691,0.15144491993542952,0.1447247301856786,0.23374600226930434,0.3771357174346877,0.10467990447275108,0.13714522957705108,0.14820974471513423,0.20141259504796502,0.39960225177870695,0.21244123049830735
BAJAJ-AUTO,0.20507675076978657,0.21096591110885837,0.22465156804479866,0.17147774313220476,0.199652614683632,1.0,0.2362512251204296,0.17982691254021338,0.23608290157852485,0.2595014171004946,0.2198977777387709,0.09819081849138689,0.04161147862018996,0.23717486050786252,0.10525626238215209,0.27990963364832694,0.19963788008411484,0.12540866333868134,0.1845496857416636,0.1925744369475176,0.4094316615897729,0.22300980796296482,0.1241453133471844,0.10360078455232533,0.20816367446570386,-0.005445598757103715,0.14286142859108925,0.23179075072812932,0.08304397023602297,0.17811366727081968,0.27106069617467143,0.3399011785997294,0.1780326968803206,0.20353579632454494,0.19092157167819174,0.16815581301947927,0.24683407529935264,0.19191330562590733,0.15955233719937384,0.30214689290745744,0.14493842401506102,0.18680795925936283,0.29826344837909763,0.2959926583178737,0.016634633351842846,0.03827152764704707,0.20099317975904207,0.22608526446357896,0.261875721174765,0.10430339879688728
BAJAJFINSV,0.36191064265988,0.40823848356889963,0.2504490197497704,0.25397504132816623,0.3995551868647692,0.2362512251204296,1.0,0.7544982808033162,0.3436764519287092,0.2508125169071529,0.3514339881278582,0.23249311688999824,0.12498463610641153,0.28939356230808894,0.25528642107629484,0.2452975963392098,0.4379522198264476,0.26928352318304727,0.327615799921105,0.35075139734080857,0.23473753563300462,0.30230565992663183,0.14323178824402605,0.40845672732367877,0.42813479907761653,0.2417985486283944,0.3085872333227975,0.45914070555229924,0.2771958872802045,0.40286683131006773,0.3390028118740606,0.3302027229976997,0.27473422778470086,0.39293049696365323,0.31181350216522147,0.30466526926316756,0.41000599414336214,0.4170916270711769,0.42852200526837014,0.47004526737867075,0.20392057659135326,0.30540654478465945,0.28394654673166125,0.4663731198803511,0.23455367433202637,0.20691598493292598,0.33148699688505645,0.2019357862965248,0.465124041945545,0.3086632500997603
BAJFINANCE,0.33152954735979834,0.39375577470528933,0.22056741928774706,0.29991910374907993,0.35359417860830905,0.17982691254021338,0.7544982808033162,1.0,0.309815115636635,0.2906532260339274,0.27329150079167575,0.20640944935471628,0.056091897893428215,0.26921026235222467,0.09073138986241859,0.18789080558292623,0.36840703111775763,0.1895740211839568,0.33000004780484893,0.31176373444013583,0.17056517974768726,0.25349149674766935,0.14488272658320864,0.34131769895632763,0.40935083369481007,0.19740847467399447,0.3071296125809259,0.3994015459613848,0.30517446496089495,0.379482850656999,0.27377895802768926,0.2829356030034546,0.25477908655149495,0.32903590047488723,0.317073098003346,0.241854835890301,0.41570103674383896,0.33538644696758235,0.3972254247207225,0.4611388278346313,0.14053775096030743,0.240507507683789,0.21497451933894696,0.38476783455350244,0.18383905370098794,0.17466652220332307,0.27055841582069123,0.23115368197533237,0.4370499463145284,0.2428329928961001
BEL,0.5148232823678469,0.5830875199476184,0.2186770438853258,0.16547476272665576,0.3210374601763023,0.23608290157852485,0.3436764519287092,0.309815115636635,1.0,0.3083448874738545,0.5032416983008244,0.07626407082239137,0.10419366769175861,0.6233318355263762,0.13386262799245877,0.2779419460378345,0.3346814696467387,0.22807333681008202,0.3210912674649106,0.24373076279505967,0.08751196764626713,0.3877240992562228,-0.045532600570833075,0.3016154488909573,0.30074238349540305,0.16321702997501145,0.22640979138448322,0.4614870765691899,0.2552796933306282,0.5815491424757792,0.3650442987257317,0.2149876149003127,0.07818538900923241,0.60604376739071,0.5646676915035319,0.5496343065160267,0.4860660249921976,0.2007604206277992,0.5746142851596704,0.4681976418280596,0.17161548322525888,0.176477834496509,0.36586842800805214,0.5325144601704517,0.12725279035167858,0.22498841961363372,0.1686156758827605,0.2628813683131606,0.4214074812552836,0.25647887355966237
BHARTIARTL,0.29147574596372633,0.33097967434794356,0.23891387749766863,0.14190099362942682,0.24150789352705815,0.2595014171004946,0.2508125169071529,0.2906532260339274,0.3083448874738545,1.0,0.26894436703118324,0.1254661806948724,0.1157472318446922,0.2866476196705075,0.17419974581121336,0.29399102022251783,0.2966527093905304,0.24908655469312682,0.21511670661214244,0.20786685550352835,0.18382560845582605,0.29901354137954805,0.13094882687490667,0.3702265448049861,0.22429544720987535,0.28432430884194526,0.25564033453017826,0.3658270445212622,0.33434933210427664,0.32241280533843136,0.2828224128002303,0.343578399613817,0.0953655499219985,0.36783107898007267,0.3474088013773094,0.3147174413603789,0.3612296462793796,0.2418487144227503,0.2945774878639633,0.3605244257320872,0.26819702628304265,0.24349605313751824,0.2668532050228884,0.30769945830199597,0.1794358132948208,0.27133018227730177,0.2716750022722411,0.24683624803233187,0.34718827944098113,0.2518156069688366
BPCL,0.45142881800130313,0.4921760879936399,0.1748893746125551,0.22136989117191952,0.22080340706666576,0.2198977777387709,0.3514339881278582,0.27329150079167575,0.5032416983008244,0.26894436703118324,1.0,0.01597213325482835,0.07588854715661648,0.5958415831097511,0.18706885864521317,0.2460831624434963,0.34756069012049823,0.14662801707159367,0.23196946166926033,0.18318834735477948,0.23422577945455098,0.34657595527952917,0.017921280232086723,0.22247248823002905,0.3581146191809261,0.13035517713417072,0.18628116533786834,0.37109871305346964,0.14467257811836998,0.47179060435880044,0.2831511858519844,0.2891426092525735,0.07351018146326063,0.5921514480494086,0.5962001957046087,0.5305561042378243,0.4838213127189764,0.23963206211659258,0.5254661404800646,0.3871940643332816,0.2120296754110465,0.1621817634479343,0.42121349383616563,0.47305044873806024,0.1889833150477281,0.2030885534694718,0.27798650232547584,0.21471603159812097,0.40195018589706755,0.21917447719170344
BRITANNIA,0.12418767234765492,0.12306458513060287,0.2289693919380707,0.4269072884707715,0.12817259824118948,0.09819081849138689,0.23249311688999824,0.20640944935471628,0.07626407082239137,0.1254661806948724,0.01597213325482835,1.0,0.16118672437891815,0.06249086705166791,0.18817696770102116,0.10329635764925306,0.22039635114937622,0.12381371280635128,0.06494902789275381,-0.0011092523139435292,0.181650557139818,0.10043369805757985,0.46901545159041813,0.044920203775096285,0.11833949032718233,0.11028269723336728,0.37604450981985693,0.19309107206841186,0.21638744334940252,0.09157959972956549,0.13239923107310433,0.17630183310325362,0.4839470807818414,0.08022310448938345,0.03580285359991378,-0.02471904933140118,0.13943278214009153,0.08503298307886797,-0.00654712627160875,0.11593395889714365,0.2011848368963166,0.4079474440436299,0.10865192085640775,0.1115275802331003,0.12902061137485432,0.13046285739972682,0.07625061765263248,0.03488126927763027,0.1840999710365778,0.17230736663375018
CIPLA,0.11042006631011203,0.1174349075516026,0.23434577285187297,0.14172192789134289,0.0952392893140265,0.04161147862018996,0.12498463610641153,0.056091897893428215,0.10419366769175861,0.1157472318446922,0.07588854715661648,0.16118672437891815,1.0,0.12474712530941863,0.40835085052793646,0.08094784655843104,0.17248389762094718,0.041596880281016636,-0.021238085143110142,0.08076103398594692,0.14847872370339082,0.11189839883970765,0.003243460466816384,0.09051711206733967,0.04180415155409469,0.054734404165856156,0.1214558767224225,0.14905759652306588,0.06468856632650145,0.15983631391009467,0.15906761267720668,0.07294341362434195,0.11213700243581311,0.0992778911643289,0.0415251300357165,0.14394042149070022,0.05369552000465499,0.13632648284394533,0.03893819999403941,0.09790475905546264,0.40611583391547335,0.06299977021375004,0.06883326387504525,0.1322946955754385,0.055210006905765364,0.05222413627209601,0.1017201408168854,0.1360512561531028,0.12348183001181125,0.07700384185111368
COALINDIA,0.4849730070025515,0.5319511175737008,0.2413321034321621,0.1945012180252485,0.3215545196980272,0.23717486050786252,0.28939356230808894,0.26921026235222467,0.6233318355263762,0.2866476196705075,0.5958415831097511,0.06249086705166791,0.12474712530941863,1.0,0.19397028909402628,0.29819760194018546,0.27574195590874717,0.1978510548772724,0.25383397458662404,0.2029777176323303,0.2632813885661751,0.38180142903872355,-0.02405016460800982,0.2518680991004436,0.335131214178072,0.12588104219537405,0.24324240647048906,0.43915355234967834,0.2104197341615106,0.49074915528233265,0.2954085874993895,0.2804772220151227,0.10780309270306544,0.6229576340408979,0.6412275580223373,0.5404502477214023,0.5078137877465959,0.2321003786305149,0.5062149391690043,0.4299482610674159,0.2065437402288792,0.2224863308689562,0.410779636905077,0.5407261069047801,0.11708103943774072,0.17534778416783223,0.24197558297901417,0.26276714202077456,0.31787941981208806,0.24522446710389398
DRREDDY,0.16903189816342465,0.17021442054623975,0.2346716707193581,0.15160163396422274,0.09478377884334031,0.10525626238215209,0.25528642107629484,0.09073138986241859,0.13386262799245877,0.17419974581121336,0.18706885864521317,0.18817696770102116,0.40835085052793646,0.19397028909402628,1.0,0.1378636610997704,0.25074411717323747,0.2270493247426228,0.14347857589172405,0.12830617856721627,0.1441230316167995,0.214048116578857,0.15731712689836636,0.03210155518721331,0.08931499378153937,0.23845826556398994,0.18673311636565135,0.25027317265029353,-0.04646203980790218,0.12675791857719756,0.22328252250635403,0.13652273541996462,0.2117826719802872,0.21322438134139712,0.18697511468261402,0.19225171023231866,0.1613412351359796,0.20565176254424694,0.14373671431956375,0.141519676008849,0.3904877213456883,0.11041768692994838,0.20260466748411318,0.21731728585955248,0.21791931677438134,0.22110354374663438,0.13765872914962357,0.1706928394309527,0.2479005801784423,0.27890542971050114
EICHERMOT,0.3274892254308597,0.2621978189034578,0.282308380268313,0.2573790152265608,0.28641047072663445,0.27990963364832694,0.2452975963392098,0.18789080558292623,0.2779419460378345,0.29399102022251783,0.2460831624434963,0.10329635764925306,0.08094784655843104,0.29819760194018546,0.1378636610997704,1.0,0.3782093339922327,0.18181777023180107,0.2862301241452171,0.2367774188796571,0.26445606486459583,0.2721844508730081,0.1290878543465862,0.3472964958904885,0.27086747602157707,0.13606614317515758,0.2614974187335024,0.33071785900343487,0.23520059963136236,0.33674010797823983,0.36094826023086896,0.39316042503878385,0.14074949413463703,0.2761457566586826,0.2395502187719669,0.2142185090268244,0.33968225717198125,0.3070131903965705,0.31192489052368094,0.3657228392352654,0.18160311437282697,0.17395609308712612,0.3141166210083006,0.3037333343008619,0.1504064689636069,0.18936874210527704,0.2707810536549361,0.23759895307779064,0.3059965664387266,0.2641438313749715
GRASIM,0.3428251195288106,0.3543090834582636,0.25742167230427787,0.34528745587142773,0.36590661419655623,0.19963788008411484,0.4379522198264476,0.36840703111775763,0.3346814696467387,0.2966527093905304,0.34756069012049823,0.22039635114937622,0.17248389762094718,0.27574195590874717,0.25074411717323747,0.3782093339922327,1.0,0.1622478431455237,0.2988195473686507,0.2514038327290744,0.2842367367526289,0.4373563070878982,0.17200186253785665,0.39891424035004563,0.3417883901525698,0.18297847140448367,0.2788343192188206,0.516178180291689,0.2408328953955898,0.3530504348861183,0.3120372958015099,0.29533600784541464,0.2692566424950987,0.39848904825640863,0.3237637826788841,0.356835067017043,0.4019293336270445,0.2506663105348562,0.43042023181684497,0.3575386914197947,0.22273797464906553,0.2845343286795939,0.3361610714668942,0.4654632745074664,0.18461677615179628,0.17546272777852762,0.3692848722157127,0.24224229443582046,0.5902952784723859,0.24604281003060235
HCLTECH,0.1418078355757377,0.15691673781603713,0.2743695274264902,0.1267548604368626,0.1131493013181921,0.12540866333868134,0.26928352318304727,0.1895740211839568,0.22807333681008202,0.24908655469312682,0.14662801707159367,0.12381371280635128,0.041596880281016636,0.1978510548772724,0.2270493247426228,0.18181777023180107,0.1622478431455237,1.0,0.05258836565007124,0.1367608316038943,0.12740703686193133,0.26115980321888393,0.13819292046709963,0.09743477101733139,0.13469702675972542,0.6898972822471451,0.18315204740528093,0.2644396812891218,0.12140394168656253,0.2288932136710515,0.2036625164974122,0.21687630107438963,0.10751216053176693,0.16790409246300192,0.22698854395856152,0.11685702031034817,0.28252869120793966,0.21674539961484438,0.2205161142507205,0.23375587226918806,0.14709054352055476,0.21134351381593722,0.27304766656675605,0.2746942023900743,0.6320341706912513,0.5504764969672761,0.20314983959256286,0.20975162911882833,0.20928961155640366,0.5828383125219714
HDFCBANK,0.3316442001238576,0.365255751667252,0.10753969866931022,0.26633388289726,0.42205126812068056,0.1845496857416636,0.327615799921105,0.33000004780484893,0.3210912674649106,0.21511670661214244,0.23196946166926033,0.06494902789275381,-0.021238085143110142,0.25383397458662404,0.14347857589172405,0.2862301241452171,0.2988195473686507,0.05258836565007124,1.0,0.22418695875579883,0.10815743117267008,0.25802565708670455,0.09862411812687173,0.42739832244994996,0.3679391960083299,0.1111966529493565,0.16886058981404145,0.38111199430306664,0.409929261613702,0.3456193070974869,0.34036325923785526,0.24104658458500836,0.08543863586462595,0.33951316704361306,0.27751480991813043,0.31025692523436843,0.31606685853140326,0.20595112954574674,0.353547433188522,0.33437767731085516,0.08272714331933796,0.1148013312196865,0.20586653290638857,0.38317491286924504,0.05766740593492479,0.20508022983324606,0.19043103170990233,0.10618695806146172,0.364525855505955,0.19903112788897578
HDFCLIFE,0.21215306364329076,0.2437390285805984,0.13962644971403404,0.21637433890525007,0.25221001110009855,0.1925744369475176,0.35075139734080857,0.31176373444013583,0.24373076279505967,0.20786685550352835,0.18318834735477948,-0.0011092523139435292,0.08076103398594692,0.2029777176323303,0.12830617856721627,0.2367774188796571,0.2514038327290744,0.1367608316038943,0.22418695875579883,1.0,0.22050542917811314,0.20314867267642664,0.1659749435232039,0.18336158794234833,0.1941343099403001,0.07469113867383827,0.20703369653138298,0.27122633808821306,0.1953115924967297,0.26248257959494253,0.21636619190559175,0.25124542774503866,0.12954004301966693,0.2065022871591997,0.21196511007721205,0.10926007879001574,0.2278320810995859,0.6007387794314308,0.2235605282542698,0.303828762941325,0.1597369789878686,0.22064342726557237,0.23149826617414987,0.29061796510199034,0.12791863153479244,0.12228655863412596,0.22865715573871645,0.2036283174741024,0.24576096725739974,0.20329057550653337
HEROMOTOCO,0.21099065367853503,0.2082745993650671,0.24500893292949769,0.17713023776847625,0.17417028227303905,0.4094316615897729,0.23473753563300462,0.17056517974768726,0.08751196764626713,0.18382560845582605,0.23422577945455098,0.181650557139818,0.14847872370339082,0.2632813885661751,0.1441230316167995,0.26445606486459583,0.2842367367526289,0.12740703686193133,0.10815743117267008,0.22050542917811314,1.0,0.23477460870648048,0.1930599146736842,0.1433869463762351,0.19954663982968673,0.10030533085859777,0.10503425630912924,0.21332586202840267,0.1497883415275355,0.19895288467076472,0.3537749748698221,0.29228441572073943,0.23732910627569379,0.1550017396313818,0.20055903703515504,0.1425443321316361,0.24499111423569161,0.19603625841821898,0.13740446769359313,0.2566791337544293,0.2206377057809474,0.21036865559491005,0.2887996339947586,0.2894711121488878,0.10239751269618974,0.11224898949054712,0.2987859296381705,0.21876661726135022,0.28883371022105936,0.20115682625302206
HINDALCO,0.29963116726674266,0.333015781070222,0.05931128232054727,0.21634808634411137,0.22492370060996295,0.22300980796296482,0.30230565992663183,0.25349149674766935,0.3877240992562228,0.29901354137954805,0.34657595527952917,0.10043369805757985,0.11189839883970765,0.38180142903872355,0.214048116578857,0.2721844508730081,0.4373563070878982,0.26115980321888393,0.25802565708670455,0.20314867267642664,0.23477460870648048,1.0,0.08971681980005977,0.17292099406363134,0.27913480123916673,0.18036263379158488,0.14663064188627753,0.6074952454976886,0.19240519819729765,0.33175399074064743,0.29803749820757064,0.2843943949230902,0.13221018448859176,0.36238884212449163,0.41038508688016134,0.38214201968439393,0.33351358087010996,0.17478279768441723,0.33909908019859347,0.31654327199090404,0.26477490473073584,0.18474821981447995,0.369290327512204,0.635510643175726,0.1736367032668511,0.23798972757910528,0.25146108253662497,0.27073032478675335,0.3107806171471833,0.267478962742083
HINDUNILVR,0.002238963663789239,0.009134794393825925,0.09669886749648483,0.2884767998013029,0.025347678433948424,0.1241453133471844,0.14323178824402605,0.14488272658320864,-0.045532600570833075,0.13094882687490667,0.017921280232086723,0.46901545159041813,0.003243460466816384,-0.02405016460800982,0.15731712689836636,0.1290878543465862,0.17200186253785665,0.13819292046709963,0.09862411812687173,0.1659749435232039,0.1930599146736842,0.08971681980005977,1.0,-0.024423649976562465,0.11851267133045709,0.16411912530279618,0.33574308904553185,0.16223241969761915,0.15385524262852746,0.0387298530441946,0.14501710734663237,0.15577863221560384,0.4644955243253788,-0.034958155084610025,0.00729658800616782,-0.08066542689558058,0.11075046817082726,0.2821621952755854,-0.03740232669461666,0.036209090935418284,0.021942455816558015,0.40893057552727996,0.10030765711386795,0.10151117077468098,0.15562180175697118,0.1384000302066781,0.193932845544814,0.08838256135808127,0.1770996092804566,0.1964928203627126
ICICIBANK,0.39674834459787117,0.44668361201018913,0.16778280554993819,0.1477616911614189,0.6312294012129903,0.10360078455232533,0.40845672732367877,0.34131769895632763,0.3016154488909573,0.3702265448049861,0.22247248823002905,0.044920203775096285,0.09051711206733967,0.2518680991004436,0.03210155518721331,0.3472964958904885,0.39891424035004563,0.09743477101733139,0.42739832244994996,0.18336158794234833,0.1433869463762351,0.17292099406363134,-0.024423649976562465,1.0,0.3381757105303569,0.19463692323070997,0.3059262723754767,0.3806892805761976,0.4509341771237049,0.41190376081834,0.305699853097165,0.22451136235175106,0.07912969646530624,0.35243859532708977,0.2690846580399929,0.29583926870680743,0.38503379744158595,0.20387350531907095,0.5118891251632386,0.44691480313792376,0.20745686333134933,0.11611584563134285,0.19325829560938018,0.3434735644666836,0.15514500577494258,0.16335568545202817,0.13958472507574074,0.1195872804047775,0.42067199072531136,0.21248975796803493
INDUSINDBK,0.38373316800419227,0.4141557986870895,0.12372086243967736,0.1928095247268754,0.33926489242034236,0.20816367446570386,0.42813479907761653,0.40935083369481007,0.30074238349540305,0.22429544720987535,0.3581146191809261,0.11833949032718233,0.04180415155409469,0.335131214178072,0.08931499378153937,0.27086747602157707,0.3417883901525698,0.13469702675972542,0.3679391960083299,0.1941343099403001,0.19954663982968673,0.27913480123916673,0.11851267133045709,0.3381757105303569,1.0,0.11655637060020968,0.1843187405066142,0.4175899987984573,0.30911384129933334,0.42417192079854643,0.36224920467606764,0.3089877394449868,0.18426375485676721,0.446343226558442,0.3263707973592413,0.3216619902023164,0.4022064980306529,0.2276948357905252,0.45296895669773646,0.4328526442232561,0.12027002003784473,0.2796321275472305,0.33696407692244545,0.4026311033867774,0.10229786129231824,0.10731214924226042,0.24627731076602,0.2017026773400754,0.3511060104347902,0.19666743649731805
INFY,0.11597758462371043,0.1499203137703513,0.11694375050842744,0.10354588966039724,0.08863274528463916,-0.005445598757103715,0.2417985486283944,0.19740847467399447,0.16321702997501145,0.28432430884194526,0.13035517713417072,0.11028269723336728,0.054734404165856156,0.12588104219537405,0.23845826556398994,0.13606614317515758,0.18297847140448367,0.6898972822471451,0.1111966529493565,0.07469113867383827,0.10030533085859777,0.18036263379158488,0.16411912530279618,0.19463692323070997,0.11655637060020968,1.0,0.20644680663132256,0.22297443915211881,0.16996055212843575,0.23432476122767373,0.2382242611392408,0.1242459925982667,0.06590542667882823,0.12185163077879635,0.22979824463314333,0.09057332023587916,0.19971445741827995,0.163602556955357,0.18044303193712008,0.17125017002879397,0.1402246350152048,0.24546188984551592,0.18090706878424315,0.17756450086195785,0.7078415292929884,0.649199399450801,0.21442200354793348,0.15512090802289752,0.22634255535572256,0.5703750676996625
ITC,0.24300631923625285,0.2706335656789538,0.16732064961261744,0.2785582586903159,0.2779861460403906,0.14286142859108925,0.3085872333227975,0.3071296125809259,0.22640979138448322,0.25564033453017826,0.18628116533786834,0.37604450981985693,0.1214558767224225,0.24324240647048906,0.18673311636565135,0.2614974187335024,0.2788343192188206,0.18315204740528093,0.16886058981404145,0.20703369653138298,0.10503425630912924,0.14663064188627753,0.33574308904553185,0.3059262723754767,0.1843187405066142,0.20644680663132256,1.0,0.3167348540700419,0.23362713072622307,0.25054177483530476,0.20232878958267952,0.25446877730356776,0.3368794170450982,0.2412277372731484,0.20075369990787478,0.13432067199140457,0.3009077735943247,0.20798516517982432,0.26472605437197144,0.23563799040628414,0.18620536778860403,0.30509181097502,0.189788110071925,0.2556471352397993,0.15791931392156605,0.21985741692935584,0.31958405099447035,0.15447201739859073,0.26333247373260715,0.23627254248865098
JSWSTEEL,0.4054159307644633,0.43357960693178693,0.27111571750336383,0.3372167900667679,0.3775391312817736,0.23179075072812932,0.45914070555229924,0.3994015459613848,0.4614870765691899,0.3658270445212622,0.37109871305346964,0.19309107206841186,0.14905759652306588,0.43915355234967834,0.25027317265029353,0.33071785900343487,0.516178180291689,0.2644396812891218,0.38111199430306664,0.27122633808821306,0.21332586202840267,0.6074952454976886,0.16223241969761915,0.3806892805761976,0.4175899987984573,0.22297443915211881,0.3167348540700419,1.0,0.30531817475169276,0.5024226343811885,0.42348206138474936,0.3809253731749061,0.18902273994876864,0.521625056784713,0.45269776389378874,0.4600157411744573,0.43336790901615135,0.23979193196853965,0.4571495889375858,0.4198189529381075,0.25297881182177756,0.23963805924774978,0.4176017022638823,0.7893454717404993,0.22263205487433355,0.27129303255468196,0.3273075756646848,0.26122661049807916,0.555253463809542,0.3691136963983937
KOTAKBANK,0.23689639166261436,0.29467820312763027,0.14218475880228704,0.17107655872805097,0.2818890487404678,0.08304397023602297,0.2771958872802045,0.30517446496089495,0.2552796933306282,0.33434933210427664,0.14467257811836998,0.21638744334940252,0.06468856632650145,0.2104197341615106,-0.04646203980790218,0.23520059963136236,0.2408328953955898,0.12140394168656253,0.409929261613702,0.1953115924967297,0.1497883415275355,0.19240519819729765,0.15385524262852746,0.4509341771237049,0.30911384129933334,0.16996055212843575,0.23362713072622307,0.30531817475169276,1.0,0.27200712050595605,0.2370753965299384,0.2156184329191282,0.1249235370238705,0.23132086724447018,0.22232143484756625,0.19167894830515853,0.34380404216325705,0.2744078753106413,0.2687133664277423,0.2855648095401735,0.11177753209343583,0.19931277936389857,0.15473472436708643,0.2574334714312189,0.12071278848660753,0.17032781480368778,0.1650417979493449,0.0809421852289067,0.3307286817177666,0.24359943972980097
LT,0.48159705329457253,0.5134125511405139,0.23160287483687625,0.22574178251082783,0.3526976490706816,0.17811366727081968,0.40286683131006773,0.379482850656999,0.5815491424757792,0.32241280533843136,0.47179060435880044,0.09157959972956549,0.15983631391009467,0.49074915528233265,0.12675791857719756,0.33674010797823983,0.3530504348861183,0.2288932136710515,0.3456193070974869,0.26248257959494253,0.19895288467076472,0.33175399074064743,0.0387298530441946,0.41190376081834,0.42417192079854643,0.23432476122767373,0.25054177483530476,0.5024226343811885,0.27200712050595605,1.0,0.3629623705264334,0.3363507772895647,0.09389221965381656,0.5398833770392888,0.5438780291747174,0.4474526617947455,0.5376974237858617,0.328790788829227,0.5017570178014956,0.4575187073216231,0.16974191359774612,0.17085873545087232,0.3534719433620608,0.4861313688246341,0.2224320270663349,0.21195580060368283,0.23335785117059865,0.18798040648591421,0.4736858640842979,0.32240016138744765
M&M,0.3050975726573434,0.32096462488131905,0.2472007435469434,0.14776377769770138,0.2412662585404819,0.27106069617467143,0.3390028118740606,0.27377895802768926,0.3650442987257317,0.2828224128002303,0.2831511858519844,0.13239923107310433,0.15906761267720668,0.2954085874993895,0.22328252250635403,0.36094826023086896,0.3120372958015099,0.2036625164974122,0.34036325923785526,0.21636619190559175,0.3537749748698221,0.29803749820757064,0.14501710734663237,0.305699853097165,0.36224920467606764,0.2382242611392408,0.20232878958267952,0.42348206138474936,0.2370753965299384,0.3629623705264334,1.0,0.4029914422204658,0.21346775858431902,0.3315896403657104,0.29144925297455104,0.29093443321249657,0.305824375027763,0.21175667148533123,0.32681808697703457,0.365074392456902,0.2774787109530407,0.17116178084143985,0.403347046356612,0.42627680032797405,0.1802508494842972,0.220970961763458,0.28974196624685156,0.2495127635369053,0.4233328983934301,0.30394428793830786
MARUTI,0.3153609240813648,0.30203628348065575,0.19355152240850634,0.26311733656766534,0.2616354021330038,0.3399011785997294,0.3302027229976997,0.2829356030034546,0.2149876149003127,0.343578399613817,0.2891426092525735,0.17630183310325362,0.07294341362434195,0.2804772220151227,0.13652273541996462,0.39316042503878385,0.29533600784541464,0.21687630107438963,0.24104658458500836,0.25124542774503866,0.29228441572073943,0.2843943949230902,0.15577863221560384,0.22451136235175106,0.3089877394449868,0.1242459925982667,0.25446877730356776,0.3809253731749061,0.2156184329191282,0.3363507772895647,0.4029914422204658,1.0,0.23978225180143922,0.29525490634970175,0.28825352203831556,0.27994353869201904,0.35217978076071715,0.3002727782827483,0.28979558000500777,0.2917053732083951,0.1971658770572636,0.2102589371256562,0.40691426911417083,0.39904794216611034,0.16891959024539682,0.1476685003137378,0.3338058373383838,0.1848334285156903,0.3527056392937401,0.2081136846639666
NESTLEIND,0.12338197002170778,0.10122539199639091,0.22354271129065623,0.2972369847960899,0.10405202063899488,0.1780326968803206,0.27473422778470086,0.25477908655149495,0.07818538900923241,0.0953655499219985,0.07351018146326063,0.4839470807818414,0.11213700243581311,0.10780309270306544,0.2117826719802872,0.14074949413463703,0.2692566424950987,0.10751216053176693,0.08543863586462595,0.12954004301966693,0.23732910627569379,0.13221018448859176,0.4644955243253788,0.07912969646530624,0.18426375485676721,0.06590542667882823,0.3368794170450982,0.18902273994876864,0.1249235370238705,0.09389221965381656,0.21346775858431902,0.23978225180143922,1.0,0.07889957324616716,0.03988235100600106,0.08792359580570597,0.18931743291883538,0.1888163074030396,0.040934392397374134,0.13478318128036493,0.13474887075033667,0.3802307518019235,0.14916285372722068,0.12283840495374568,0.11096508587752006,0.06304673386378351,0.24338025596770366,0.1424288396404029,0.28281031224124353,0.15219275444382493
NTPC,0.5472520057754245,0.6156731244881408,0.19704645140157875,0.22860834533686206,0.39381048998832835,0.20353579632454494,0.39293049696365323,0.32903590047488723,0.60604376739071,0.36783107898007267,0.5921514480494086,0.08022310448938345,0.0992778911643289,0.6229576340408979,0.21322438134139712,0.2761457566586826,0.39848904825640863,0.16790409246300192,0.33951316704361306,0.2065022871591997,0.1550017396313818,0.36238884212449163,-0.034958155084610025,0.35243859532708977,0.446343226558442,0.12185163077879635,0.2412277372731484,0.521625056784713,0.23132086724447018,0.5398833770392888,0.3315896403657104,0.29525490634970175,0.07889957324616716,1.0,0.6294822751182074,0.709330647025379,0.5490408229398847,0.2322065764808381,0.5940873973776762,0.4745535837613341,0.23063962912871602,0.19213446198439504,0.4166277089931984,0.5516955231769858,0.1178358453310109,0.19033413490433712,0.33631668605867693,0.23886130378877993,0.4480793486671823,0.20907568646927013
ONGC,0.4803892271699392,0.5181729390959673,0.1720026831316219,0.1353820000011949,0.31118305662297113,0.19092157167819174,0.31181350216522147,0.317073098003346,0.5646676915035319,0.3474088013773094,0.5962001957046087,0.03580285359991378,0.0415251300357165,0.6412275580223373,0.18697511468261402,0.2395502187719669,0.3237637826788841,0.22698854395856152,0.27751480991813043,0.21196511007721205,0.20055903703515504,0.41038508688016134,0.00729658800616782,0.2690846580399929,0.3263707973592413,0.22979824463314333,0.20075369990787478,0.45269776389378874,0.22232143484756625,0.5438780291747174,0.29144925297455104,0.28825352203831556,0.03988235100600106,0.6294822751182074,1.0,0.5008944343558764,0.5563318585256429,0.2606177274865134,0.5730525524778238,0.4468698699604157,0.23289903205948856,0.18349761804708137,0.44113807469595073,0.5032582060948229,0.18045606401558706,0.2353653229220993,0.1951398584764611,0.2144302151000974,0.4054956272990249,0.2956565949916917
POWERGRID,0.40549518549247304,0.5183363007828216,0.18165046242992858,0.11359872106068085,0.2905296640819641,0.16815581301947927,0.30466526926316756,0.241854835890301,0.5496343065160267,0.3147174413603789,0.5305561042378243,-0.02471904933140118,0.14394042149070022,0.5404502477214023,0.19225171023231866,0.2142185090268244,0.356835067017043,0.11685702031034817,0.31025692523436843,0.10926007879001574,0.1425443321316361,0.38214201968439393,-0.08066542689558058,0.29583926870680743,0.3216619902023164,0.09057332023587916,0.13432067199140457,0.4600157411744573,0.19167894830515853,0.4474526617947455,0.29093443321249657,0.27994353869201904,0.08792359580570597,0.709330647025379,0.5008944343558764,1.0,0.469369252022909,0.15038680367310822,0.49491550574951826,0.35622920604302294,0.25028371769440777,0.15144191297144458,0.35711437381734357,0.5165708019228424,0.09764921893374681,0.15132763173915784,0.20721724465998737,0.20110506271596104,0.3890613895738046,0.16664743963561088
RELIANCE,0.48572375830020287,0.5132038452115862,0.23273233301896432,0.3007941514137405,0.4248151096744547,0.24683407529935264,0.41000599414336214,0.41570103674383896,0.4860660249921976,0.3612296462793796,0.4838213127189764,0.13943278214009153,0.05369552000465499,0.5078137877465959,0.1613412351359796,0.33968225717198125,0.4019293336270445,0.28252869120793966,0.31606685853140326,0.2278320810995859,0.24499111423569161,0.33351358087010996,0.11075046817082726,0.38503379744158595,0.4022064980306529,0.19971445741827995,0.3009077735943247,0.43336790901615135,0.34380404216325705,0.5376974237858617,0.305824375027763,0.35217978076071715,0.18931743291883538,0.5490408229398847,0.5563318585256429,0.469369252022909,1.0,0.28388567505902,0.5499665494216662,0.4491495391815696,0.2893802979188124,0.21224367247094775,0.39112074625287374,0.4502355763973442,0.255497553110638,0.2666506989265331,0.3310246716062178,0.28607192270148996,0.49261000875039884,0.3693725963750737
SBILIFE,0.2808966645619448,0.2710425918619269,0.15443100649951663,0.22171430690060273,0.18092391178617723,0.19191330562590733,0.4170916270711769,0.33538644696758235,0.2007604206277992,0.2418487144227503,0.23963206211659258,0.08503298307886797,0.13632648284394533,0.2321003786305149,0.20565176254424694,0.3070131903965705,0.2506663105348562,0.21674539961484438,0.20595112954574674,0.6007387794314308,0.19603625841821898,0.17478279768441723,0.2821621952755854,0.20387350531907095,0.2276948357905252,0.163602556955357,0.20798516517982432,0.23979193196853965,0.2744078753106413,0.328790788829227,0.21175667148533123,0.3002727782827483,0.1888163074030396,0.2322065764808381,0.2606177274865134,0.15038680367310822,0.28388567505902,1.0,0.26807476549197445,0.3347493038010693,0.1421878461093427,0.2156539747716192,0.22284849600356868,0.22517584551337572,0.18744358117002893,0.15622511613619555,0.22194109259978742,0.1735049120636728,0.2733009005281753,0.2501730493241129
SBIN,0.5398149783971089,0.5737074223370094,0.17929613585382384,0.11116289546908423,0.5148068264221025,0.15955233719937384,0.42852200526837014,0.3972254247207225,0.5746142851596704,0.2945774878639633,0.5254661404800646,-0.00654712627160875,0.03893819999403941,0.5062149391690043,0.14373671431956375,0.31192489052368094,0.43042023181684497,0.2205161142507205,0.353547433188522,0.2235605282542698,0.13740446769359313,0.33909908019859347,-0.03740232669461666,0.5118891251632386,0.45296895669773646,0.18044303193712008,0.26472605437197144,0.4571495889375858,0.2687133664277423,0.5017570178014956,0.32681808697703457,0.28979558000500777,0.040934392397374134,0.5940873973776762,0.5730525524778238,0.49491550574951826,0.5499665494216662,0.26807476549197445,1.0,0.5110732762678669,0.13347708399511554,0.12268809979356383,0.36564310952195983,0.49215880151936536,0.17601468595669367,0.19543616097201721,0.22599605815974577,0.2794375921957822,0.42712735708576116,0.24909411340867205
SHRIRAMFIN,0.410554161066181,0.4716987310155673,0.2900658382228251,0.20241064173113457,0.4496669142985691,0.30214689290745744,0.47004526737867075,0.4611388278346313,0.4681976418280596,0.3605244257320872,0.3871940643332816,0.11593395889714365,0.09790475905546264,0.4299482610674159,0.141519676008849,0.3657228392352654,0.3575386914197947,0.23375587226918806,0.33437767731085516,0.303828762941325,0.2566791337544293,0.31654327199090404,0.036209090935418284,0.44691480313792376,0.4328526442232561,0.17125017002879397,0.23563799040628414,0.4198189529381075,0.2855648095401735,0.4575187073216231,0.365074392456902,0.2917053732083951,0.13478318128036493,0.4745535837613341,0.4468698699604157,0.35622920604302294,0.4491495391815696,0.3347493038010693,0.5110732762678669,1.0,0.2128370377727049,0.18846255930698183,0.36243404758758113,0.43710875168471386,0.11542288097007863,0.2270499257475882,0.2548833772637181,0.22981948752349418,0.4671051545752382,0.2989529613272921
